
#################################################################
# Summary Statistics
#################################################################

DIC = 314.9461

                         Mean    SD  2.5%    5%   25%   50%   75%    95%  97.5%
Epsilon.1               2.034 2.226 0.175 0.257 0.713 1.315 2.485  6.182  8.268
Epsilon.2               5.402 3.543 1.000 1.351 2.780 4.527 7.194 12.645 14.720
p.global.Argentine      0.062 0.057 0.002 0.004 0.019 0.046 0.087  0.174  0.214
p.global.Blue Whiting   0.074 0.060 0.003 0.005 0.029 0.060 0.105  0.190  0.226
p.global.Bluemouth      0.174 0.100 0.011 0.021 0.096 0.171 0.241  0.348  0.381
p.global.Cod            0.056 0.049 0.002 0.004 0.019 0.043 0.080  0.154  0.184
p.global.Common Dab     0.046 0.043 0.001 0.003 0.014 0.033 0.065  0.133  0.160
p.global.Grey Gurnard   0.080 0.072 0.002 0.004 0.025 0.060 0.117  0.225  0.264
p.global.Lemon Sole     0.063 0.055 0.002 0.005 0.021 0.048 0.090  0.170  0.205
p.global.Long Rough Dab 0.052 0.047 0.002 0.004 0.017 0.039 0.073  0.145  0.166
p.global.Norway Pout    0.060 0.052 0.002 0.004 0.020 0.046 0.087  0.158  0.192
p.global.Plaice         0.047 0.044 0.002 0.003 0.016 0.034 0.066  0.134  0.160
p.global.Poor Cod       0.135 0.108 0.004 0.008 0.047 0.111 0.200  0.348  0.390
p.global.Red Gurnard    0.082 0.074 0.003 0.005 0.026 0.063 0.117  0.230  0.278
p.global.Squid          0.069 0.062 0.002 0.004 0.022 0.051 0.097  0.197  0.229
