
#################################################################
# Summary Statistics
#################################################################

DIC = 316.3257

                         Mean    SD  2.5%    5%   25%   50%   75%    95%  97.5%
Epsilon.1               1.036 2.259 0.038 0.053 0.156 0.320 0.788  4.744  8.526
Epsilon.2               5.544 3.974 0.900 1.165 2.600 4.400 7.470 14.082 16.180
p.global.Argentine      0.060 0.058 0.001 0.003 0.017 0.042 0.086  0.172  0.210
p.global.Blue Whiting   0.083 0.068 0.003 0.005 0.030 0.066 0.119  0.222  0.252
p.global.Bluemouth      0.182 0.103 0.010 0.021 0.100 0.179 0.253  0.363  0.390
p.global.Cod            0.048 0.044 0.002 0.003 0.015 0.037 0.068  0.138  0.166
p.global.Common Dab     0.053 0.050 0.001 0.003 0.016 0.038 0.074  0.151  0.187
p.global.Grey Gurnard   0.075 0.067 0.002 0.005 0.025 0.057 0.106  0.204  0.251
p.global.Lemon Sole     0.074 0.064 0.002 0.004 0.024 0.057 0.107  0.201  0.239
p.global.Long Rough Dab 0.061 0.058 0.002 0.004 0.019 0.045 0.086  0.172  0.217
p.global.Norway Pout    0.084 0.075 0.002 0.005 0.027 0.064 0.121  0.234  0.274
p.global.Plaice         0.049 0.047 0.001 0.003 0.015 0.036 0.069  0.139  0.172
p.global.Poor Cod       0.106 0.091 0.003 0.006 0.033 0.081 0.157  0.285  0.331
p.global.Red Gurnard    0.068 0.062 0.002 0.003 0.021 0.050 0.098  0.189  0.232
p.global.Squid          0.056 0.051 0.002 0.003 0.018 0.042 0.080  0.155  0.189
