
#################################################################
# Summary Statistics
#################################################################

DIC = 596.1366

                         Mean    SD  2.5%    5%   25%   50%   75%    95%  97.5%
Epsilon.1               0.602 0.497 0.066 0.088 0.249 0.452 0.769  1.710  2.024
Epsilon.2               4.162 5.198 0.161 0.205 0.579 1.429 6.259 15.382 16.755
p.global.Argentine      0.006 0.007 0.001 0.001 0.001 0.004 0.009  0.017  0.026
p.global.Blue Whiting   0.094 0.090 0.007 0.009 0.023 0.060 0.140  0.278  0.298
p.global.Bluemouth      0.080 0.077 0.001 0.002 0.021 0.049 0.132  0.244  0.273
p.global.Cod            0.094 0.097 0.008 0.009 0.024 0.051 0.117  0.308  0.331
p.global.Common Dab     0.161 0.112 0.050 0.055 0.089 0.128 0.182  0.439  0.480
p.global.Grey Gurnard   0.068 0.057 0.007 0.007 0.023 0.055 0.098  0.186  0.214
p.global.Lemon Sole     0.059 0.046 0.008 0.009 0.029 0.048 0.074  0.162  0.200
p.global.Long Rough Dab 0.081 0.072 0.001 0.001 0.001 0.076 0.145  0.196  0.210
p.global.Norway Pout    0.022 0.023 0.002 0.003 0.007 0.014 0.024  0.075  0.092
p.global.Plaice         0.120 0.100 0.025 0.028 0.056 0.081 0.147  0.399  0.417
p.global.Poor Cod       0.068 0.058 0.009 0.010 0.018 0.046 0.107  0.188  0.211
p.global.Red Gurnard    0.090 0.109 0.011 0.012 0.023 0.049 0.097  0.384  0.416
p.global.Squid          0.057 0.058 0.003 0.004 0.011 0.042 0.076  0.184  0.210
