
#################################################################
# Summary Statistics
#################################################################

DIC = 298.4348

                         Mean    SD  2.5%    5%   25%   50%   75%    95%  97.5%
Epsilon.1               4.391 3.941 0.424 0.582 1.523 3.095 5.942 13.301 15.564
Epsilon.2               6.954 4.669 0.997 1.339 3.290 5.834 9.593 16.855 18.351
p.global.Argentine      0.075 0.067 0.002 0.004 0.024 0.057 0.106  0.212  0.250
p.global.Blue Whiting   0.075 0.064 0.002 0.005 0.026 0.059 0.108  0.200  0.240
p.global.Bluemouth      0.114 0.084 0.005 0.009 0.046 0.099 0.165  0.272  0.310
p.global.Cod            0.072 0.061 0.003 0.005 0.024 0.055 0.102  0.191  0.221
p.global.Common Dab     0.054 0.050 0.001 0.003 0.016 0.038 0.078  0.156  0.181
p.global.Grey Gurnard   0.092 0.081 0.003 0.005 0.029 0.069 0.134  0.255  0.293
p.global.Lemon Sole     0.064 0.059 0.002 0.004 0.021 0.048 0.090  0.182  0.218
p.global.Long Rough Dab 0.049 0.047 0.001 0.003 0.014 0.034 0.067  0.143  0.169
p.global.Norway Pout    0.060 0.052 0.002 0.004 0.021 0.047 0.083  0.162  0.195
p.global.Plaice         0.056 0.052 0.001 0.003 0.018 0.043 0.081  0.158  0.190
p.global.Poor Cod       0.104 0.087 0.004 0.007 0.037 0.081 0.150  0.277  0.325
p.global.Red Gurnard    0.097 0.085 0.003 0.005 0.033 0.075 0.138  0.267  0.318
p.global.Squid          0.088 0.079 0.003 0.005 0.028 0.066 0.125  0.248  0.299
