
#################################################################
# Summary Statistics
#################################################################

DIC = 512.7945

                          Mean    SD  2.5%    5%   25%    50%    75%    95%  97.5%
Epsilon.1                0.592 0.421 0.088 0.121 0.293  0.500  0.779  1.395  1.659
Epsilon.2               11.982 4.719 3.248 4.084 8.316 12.103 15.945 19.177 19.562
p.global.Argentine       0.064 0.059 0.001 0.003 0.019  0.048  0.092  0.184  0.222
p.global.Blue Whiting    0.049 0.043 0.002 0.004 0.017  0.037  0.070  0.133  0.158
p.global.Bluemouth       0.237 0.108 0.030 0.057 0.156  0.235  0.311  0.420  0.448
p.global.Cod             0.071 0.062 0.002 0.004 0.022  0.055  0.103  0.194  0.227
p.global.Common Dab      0.050 0.046 0.002 0.004 0.017  0.037  0.070  0.142  0.170
p.global.Grey Gurnard    0.065 0.061 0.001 0.003 0.021  0.047  0.092  0.184  0.227
p.global.Lemon Sole      0.052 0.046 0.001 0.002 0.016  0.041  0.074  0.143  0.169
p.global.Long Rough Dab  0.053 0.047 0.002 0.003 0.017  0.040  0.077  0.148  0.173
p.global.Norway Pout     0.053 0.047 0.002 0.003 0.017  0.039  0.076  0.147  0.169
p.global.Plaice          0.063 0.057 0.002 0.004 0.019  0.048  0.092  0.176  0.207
p.global.Poor Cod        0.094 0.089 0.003 0.005 0.028  0.069  0.133  0.269  0.328
p.global.Red Gurnard     0.080 0.072 0.002 0.004 0.025  0.058  0.115  0.225  0.265
p.global.Squid           0.068 0.058 0.002 0.003 0.022  0.053  0.100  0.184  0.215
