
#################################################################
# Summary Statistics
#################################################################

DIC = 562.0455

                         Mean    SD  2.5%    5%   25%   50%    75%    95%  97.5%
Epsilon.1               0.886 0.551 0.163 0.223 0.454 0.747  1.214  1.974  2.181
Epsilon.2               9.397 4.534 2.115 3.093 5.882 8.552 12.719 17.946 18.970
p.global.Argentine      0.059 0.048 0.005 0.007 0.018 0.047  0.092  0.154  0.166
p.global.Blue Whiting   0.069 0.039 0.016 0.021 0.040 0.059  0.087  0.143  0.159
p.global.Bluemouth      0.144 0.136 0.001 0.001 0.043 0.103  0.236  0.437  0.465
p.global.Cod            0.091 0.059 0.010 0.012 0.036 0.091  0.133  0.194  0.198
p.global.Common Dab     0.047 0.047 0.005 0.006 0.014 0.035  0.057  0.161  0.178
p.global.Grey Gurnard   0.040 0.037 0.005 0.006 0.013 0.023  0.060  0.116  0.134
p.global.Lemon Sole     0.072 0.045 0.019 0.022 0.038 0.058  0.097  0.162  0.173
p.global.Long Rough Dab 0.134 0.075 0.015 0.025 0.079 0.127  0.182  0.252  0.311
p.global.Norway Pout    0.057 0.043 0.001 0.002 0.025 0.052  0.077  0.148  0.169
p.global.Plaice         0.075 0.055 0.002 0.002 0.036 0.066  0.107  0.170  0.210
p.global.Poor Cod       0.084 0.066 0.002 0.003 0.010 0.085  0.136  0.188  0.209
p.global.Red Gurnard    0.031 0.027 0.001 0.003 0.013 0.023  0.043  0.083  0.101
p.global.Squid          0.096 0.061 0.021 0.024 0.040 0.090  0.135  0.202  0.238
