
#################################################################
# Summary Statistics
#################################################################

DIC = 580.9459

                         Mean    SD  2.5%    5%   25%   50%    75%    95%  97.5%
Epsilon.1               0.716 0.775 0.041 0.061 0.196 0.447  0.932  2.361  2.962
Epsilon.2               7.163 5.849 0.131 0.244 2.104 5.737 11.629 18.412 19.158
p.global.Argentine      0.076 0.071 0.005 0.008 0.022 0.054  0.106  0.223  0.266
p.global.Blue Whiting   0.069 0.058 0.005 0.007 0.021 0.054  0.106  0.172  0.215
p.global.Bluemouth      0.115 0.096 0.008 0.010 0.032 0.093  0.173  0.310  0.354
p.global.Cod            0.098 0.078 0.011 0.015 0.040 0.076  0.138  0.260  0.302
p.global.Common Dab     0.059 0.055 0.004 0.005 0.019 0.040  0.083  0.176  0.207
p.global.Grey Gurnard   0.067 0.066 0.003 0.004 0.015 0.043  0.105  0.199  0.239
p.global.Lemon Sole     0.063 0.063 0.001 0.001 0.018 0.044  0.087  0.203  0.245
p.global.Long Rough Dab 0.067 0.058 0.004 0.007 0.022 0.052  0.092  0.182  0.224
p.global.Norway Pout    0.056 0.042 0.007 0.010 0.025 0.044  0.074  0.143  0.167
p.global.Plaice         0.076 0.067 0.004 0.007 0.029 0.057  0.095  0.225  0.269
p.global.Poor Cod       0.065 0.068 0.005 0.006 0.018 0.039  0.086  0.208  0.264
p.global.Red Gurnard    0.087 0.078 0.001 0.001 0.025 0.069  0.126  0.243  0.290
p.global.Squid          0.103 0.082 0.004 0.010 0.044 0.081  0.144  0.273  0.330
